County	lat	long	pop.dens	house.dens	rd.dens	deer.total
Alamance	36.04370988	-79.39942482	347.834	153.227	3.804	2578
Alexander	35.92102631	-81.17702685	141.217	61.459	3.001	944
Alleghany	36.49127044	-81.12785934	47.288	34.312	3.057	2465
Anson	34.97378944	-80.10271203	50.184	21.557	1.985	3360
Ashe	36.4344247	-81.5005212	63.741	40.519	2.751	2683
Avery	36.07660503	-81.92260137	71.907	56.121	3.57	664
Beaufort	35.48698382	-76.84531441	49.571	25.625	1.314	3124
Bertie	36.0656302	-76.96671214	28.711	13.251	1.046	4348
Bladen	34.61458733	-78.56364931	39.652	19.964	1.279	3082
Brunswick	34.03887558	-78.22740716	120.21	86.698	2.373	1873
Buncombe	35.61117789	-82.53010706	361.256	171.845	4.857	448
Burke	35.74961064	-81.70477847	176.813	79.505	2.861	1400
Cabarrus	35.38679404	-80.55185089	488.442	197.387	4.426	1466
Caldwell	35.95303793	-81.54643665	174.972	79.361	2.702	1012
Camden	36.34112162	-76.1609504	32.163	13.226	0.884	389
Carteret	34.86125981	-76.53574307	63.972	46.369	0.965	781
Caswell	36.39327422	-79.33352348	55.366	24.787	1.49	2950
Catawba	35.66204235	-81.21507056	370.952	163.143	4.671	1378
Chatham	35.70257213	-79.25527586	89.589	40.563	2.254	2811
Cherokee	35.13385745	-84.06344423	58.823	37.541	2.583	301
Chowan	36.12656154	-76.60213037	63.317	31.199	1.795	1088
Clay	35.05718113	-83.75017671	47.965	32.348	2.128	172
Cleveland	35.3341018	-81.55554714	209.441	92.621	3.492	1445
Columbus	34.26564508	-78.65503087	60.873	27.286	1.631	2371
Craven	35.11768582	-77.08200384	133.929	58.23	1.61	2598
Cumberland	35.04861194	-78.82756077	485.718	206.074	3.832	1224
Currituck	36.36729948	-75.9369492	52.95	32.501	1.08	669
Dare	35.66493669	-75.68523331	27.577	27.229	0.679	245
Davidson	35.79335249	-80.21274878	286.99	128.018	4.444	1719
Davie	35.92911087	-80.54446365	154.733	68.429	2.96	1278
Duplin	34.93653484	-77.93302775	71.347	31.375	1.891	3231
Durham	36.03602992	-78.87659269	896.984	402.982	5.732	933
Edgecombe	35.91288067	-77.59705889	111.585	49.009	2.15	2761
Forsyth	36.13061955	-80.25630002	850.467	380.456	6.495	1167
Franklin	36.08277335	-78.28569658	122.574	53.74	2.375	3035
Gaston	35.29434895	-81.18024163	567.085	244.036	5.724	1276
Gates	36.44494357	-76.70052665	35.271	15.06	1.13	1848
Graham	35.35017195	-83.8335818	29.383	19.664	1.414	55
Granville	36.30406983	-78.65271943	111.443	42.458	2.006	2647
Greene	35.48499572	-77.67576267	79.964	30.744	1.998	889
Guilford	36.07947173	-79.78890427	742.714	331.536	5.822	1652
Halifax	36.25744855	-77.65173298	74.888	35.302	1.696	5229
Harnett	35.36862916	-78.86941252	190.748	77.729	2.877	1478
Haywood	35.55605571	-82.98217297	106.49	63.051	3.344	129
Henderson	35.3362263	-82.47994638	284.561	145.853	4.898	277
Hertford	36.35863603	-76.98071478	68.441	29.506	1.511	2370
Hoke	35.01752901	-79.23729072	119.911	46.509	1.779	579
Hyde	35.40811874	-76.14496511	4.159	2.396	0.238	2264
Iredell	35.80702592	-80.87343783	266.628	115.411	3.923	2418
Jackson	35.28758663	-83.14084962	81.397	52.447	2.628	108
Johnston	35.51780693	-78.3657109	212.29	85.08	2.836	2138
Jones	35.0217248	-77.35516797	21.439	10.216	2.09	1853
Lee	35.47518642	-79.17148361	223.296	93.137	3.284	440
Lenoir	35.23877316	-77.64124863	148.269	68.376	2.685	1142
Lincoln	35.48559502	-81.22353263	256.793	110.378	3.555	1563
Macon	35.15046721	-83.42217671	65.292	48.591	2.841	512
Madison	35.85803581	-82.70575826	45.997	23.499	3.042	544
Martin	35.84321398	-77.10923227	53.663	25.63	2.258	2235
Mcdowell	35.68169247	-82.04931244	101.053	46.731	2.934	773
Mecklenburg	35.24676704	-80.83273114	1686.379	730.773	8.524	792
Mitchell	36.01320389	-82.16358155	70.243	39.285	3.259	1003
Montgomery	35.33246694	-79.90547908	55.467	31.754	1.946	2488
Moore	35.31065386	-79.48137444	125.085	62.283	2.802	2438
Nash	35.96725028	-77.98644484	176.577	77.908	2.987	2230
NewHanover	34.18155534	-77.86559757	920.112	460.521	7.059	187
Northampton	36.41773124	-77.39682121	40.133	21.201	1.383	5289
Onslow	34.70983636	-77.41576582	217.357	83.418	1.705	2573
Orange	36.06111824	-79.12064936	333.653	138.64	3.718	2156
Pamlico	35.15102123	-76.66945984	23.44	13.436	0.72	920
Pasquotank	36.26501872	-76.24924136	139.658	57.816	1.851	576
Pender	34.51509975	-77.88843558	59.332	30.366	1.278	3458
Perquimans	36.17722285	-76.40761999	40.898	21.238	1.218	1211
Person	36.39009512	-78.97180514	97.577	44.983	2.263	2309
Pitt	35.59329897	-77.37449655	256.556	114.418	2.481	2290
Polk	35.27927896	-82.16967793	86.079	47.98	3.116	846
Randolph	35.7103417	-79.80600691	179.423	77.263	2.852	2357
Richmond	35.00604835	-79.74777802	97.165	43.205	3.827	1979
Robeson	34.64024205	-79.10386493	141.25	55.535	3.176	1563
Rockingham	36.39601279	-79.7749872	163.471	76.279	2.953	2842
Rowan	35.63947346	-80.52477175	264.278	114.951	3.998	2397
Rutherford	35.40259563	-81.91983346	119.564	59.734	2.989	1671
Sampson	34.99153616	-78.37139061	66.953	28.746	1.971	2498
Scotland	34.84088481	-79.48042924	112.788	47.393	2.967	649
Stanly	35.31195506	-80.25098631	149.883	67.068	3.36	1864
Stokes	36.401904	-80.23951572	103.979	48.092	2.745	2611
Surry	36.41482056	-80.68807793	137.006	62.609	3.611	2226
Swain	35.48681505	-83.49273937	25.885	16.15	1.464	99
Transylvania	35.20217786	-82.79830013	87.027	50.399	2.699	225
Tyrrell	35.869407	-76.17045236	7.319	3.434	1.157	1017
Union	34.98835749	-80.53074004	314.782	113.955	3.031	2252
Vance	36.36491693	-78.40792888	169.034	74.733	2.696	1726
Wake	35.79024437	-78.65030817	1051.798	434.072	6.392	2639
Warren	36.39651028	-78.10671713	47.195	26.568	1.916	2532
Washington	35.83926464	-76.56930989	31.857	15.632	0.977	1651
Watauga	36.23110628	-81.69642507	162.88	102.478	4.252	1774
Wayne	35.36395997	-78.00399713	219.917	94.961	2.967	1525
Wilkes	36.20627576	-81.16338566	91.565	43.663	3.06	4222
Wilson	35.70514571	-77.91866295	217.765	95.195	2.926	1100
Yadkin	36.16053369	-80.66524393	113.718	51.346	3.163	1895
Yancey	35.89894799	-82.30762798	56.887	35.222	2.613	1131
